%YAML:1.0
---
camera_matrix: !!opencv-matrix
   rows: 3
   cols: 3
   dt: d
   data: [ 7.4203850740698215e+02, 0., 3.1090461545453559e+02, 0.,
       7.4241195321105761e+02, 2.2940480818509408e+02, 0., 0., 1. ]
distortion_coefficients: !!opencv-matrix
   rows: 1
   cols: 5
   dt: d
   data: [ -7.8421660043769686e-02, -5.2761873847674570e-02,
       7.6823646438784843e-04, -1.4414502061800860e-03,
       5.3326993536458167e-01 ]
reprojection_error: 1.7298641461375083e-01
